0 1
0.5 0.877583
1 0.540302
1.5 0.0707372
2 -0.416147
2.5 -0.801144
3 -0.989992
3.5 -0.936457
4 -0.653644
4.5 -0.210796
5 0.283662
5.5 0.70867
6 0.96017
6.5 0.976588
7 0.753902
7.5 0.346635
8 -0.1455
8.5 -0.602012
9 -0.91113


0 1 0 -0.147369
0.05 0.992583 0.0498158 -0.150293
0.1 0.984873 0.0992632 -0.159065
0.15 0.976579 0.148342 -0.173685
0.2 0.967407 0.197053 -0.194153
0.25 0.957066 0.245395 -0.220468
0.3 0.945263 0.293368 -0.252632
0.35 0.931705 0.340974 -0.290644
0.4 0.916101 0.38821 -0.334503
0.45 0.898158 0.435079 -0.384211
0.5 0.877583 0.481579 -0.439767
0.55 0.854161 0.524908 -0.496518
0.6 0.827988 0.567138 -0.549813
0.65 0.799237 0.608269 -0.599652
0.7 0.768081 0.6483 -0.646035
0.75 0.734691 0.687232 -0.688961
0.8 0.699242 0.725064 -0.728432
0.85 0.661906 0.761797 -0.764446
0.9 0.622855 0.797431 -0.797004
0.95 0.582263 0.831965 -0.826105
1 0.540302 0.865399 -0.851751
1.05 0.497133 0.89135 -0.874702
1.1 0.452864 0.915171 -0.89572
1.15 0.407593 0.936862 -0.914807
1.2 0.361416 0.956425 -0.93196
1.25 0.314429 0.973858 -0.947182
1.3 0.26673 0.989161 -0.960471
1.35 0.218414 1.00234 -0.971828
1.4 0.169579 1.01338 -0.981252
1.45 0.120321 1.0223 -0.988744
1.5 0.0707372 1.02908 -0.994303
1.55 0.020929 1.03138 -0.997591
1.6 -0.0289784 1.03118 -0.998269
1.65 -0.0788545 1.02851 -0.996337
1.7 -0.128569 1.02334 -0.991795
1.75 -0.177991 1.01569 -0.984643
1.8 -0.22699 1.00556 -0.974881
1.85 -0.275435 0.992939 -0.962509
1.9 -0.323197 0.977832 -0.947527
1.95 -0.370144 0.96024 -0.929934
2 -0.416147 0.940162 -0.909732
2.05 -0.46108 0.918218 -0.887258
2.1 -0.50484 0.893999 -0.862853
2.15 -0.547333 0.867506 -0.836515
2.2 -0.58846 0.838738 -0.808245
2.25 -0.628125 0.807697 -0.778044
2.3 -0.666232 0.77438 -0.74591
2.35 -0.702684 0.73879 -0.711844
2.4 -0.737384 0.700925 -0.675846
2.45 -0.770236 0.660786 -0.637916
2.5 -0.801144 0.618372 -0.598055
2.55 -0.830018 0.577568 -0.55674
2.6 -0.856801 0.535268 -0.514453
2.65 -0.881447 0.491473 -0.471192
2.7 -0.903904 0.446183 -0.426959
2.75 -0.924126 0.399397 -0.381752
2.8 -0.942063 0.351117 -0.335572
2.85 -0.957667 0.301341 -0.28842
2.9 -0.970889 0.250071 -0.240294
2.95 -0.98168 0.197305 -0.191196
3 -0.989992 0.143044 -0.141124
3.05 -0.995787 0.0933678 -0.0907038
3.1 -0.999067 0.043339 -0.0405592
3.15 -0.999848 -0.00704267 0.00930966
3.2 -0.998141 -0.0577771 0.0589029
3.25 -0.993962 -0.108864 0.10822
3.3 -0.987324 -0.160304 0.157262
3.35 -0.97824 -0.212097 0.206028
3.4 -0.966725 -0.264243 0.254519
3.45 -0.952793 -0.316742 0.302733
3.5 -0.936457 -0.369593 0.350672
3.55 -0.91774 -0.415977 0.397752
3.6 -0.896706 -0.461485 0.443388
3.65 -0.873425 -0.506116 0.487582
3.7 -0.847971 -0.549871 0.530332
3.75 -0.820416 -0.592749 0.571639
3.8 -0.790832 -0.63475 0.611503
3.85 -0.75929 -0.675874 0.649924
3.9 -0.725863 -0.716122 0.686902
3.95 -0.690624 -0.755493 0.722436
4 -0.653644 -0.793987 0.756528
4.05 -0.615002 -0.825724 0.788767
4.1 -0.574805 -0.855569 0.818746
4.15 -0.533165 -0.883523 0.846463
4.2 -0.490196 -0.909585 0.87192
4.25 -0.446011 -0.933757 0.895116
4.3 -0.400722 -0.956037 0.916051
4.35 -0.354443 -0.976425 0.934725
4.4 -0.307287 -0.994922 0.951138
4.45 -0.259367 -1.01153 0.965291
4.5 -0.210796 -1.02624 0.977182
4.55 -0.161689 -1.03556 0.986681
4.6 -0.11217 -1.04244 0.993655
4.65 -0.0623653 -1.04687 0.998106
4.7 -0.0124013 -1.04886 1.00003
4.75 0.0375959 -1.04841 0.999434
4.8 0.0875 -1.04551 0.996311
4.85 0.137185 -1.04017 0.990665
4.9 0.186524 -1.03239 0.982494
4.95 0.235392 -1.02216 0.971799
5 0.283662 -1.00949 0.958579
5.05 0.331211 -0.994112 0.943013
5.1 0.377927 -0.976334 0.925278
5.15 0.423703 -0.95616 0.905373
5.2 0.468428 -0.933589 0.883298
5.25 0.511996 -0.908622 0.859054
5.3 0.554298 -0.881258 0.832641
5.35 0.595224 -0.851498 0.804059
5.4 0.634667 -0.819342 0.773306
5.45 0.672519 -0.784789 0.740385
5.5 0.70867 -0.74784 0.705294
5.55 0.743019 -0.711525 0.668476
5.6 0.775496 -0.673446 0.630373
5.65 0.806035 -0.633605 0.590985
5.7 0.834573 -0.592 0.550312
5.75 0.861045 -0.548632 0.508355
5.8 0.885387 -0.503501 0.465112
5.85 0.907535 -0.456606 0.420585
5.9 0.927424 -0.407948 0.374772
5.95 0.944991 -0.357527 0.327675
6 0.96017 -0.305343 0.279293
6.05 0.972909 -0.256985 0.230228
6.1 0.983192 -0.20793 0.181083
6.15 0.991016 -0.158175 0.131859
6.2 0.996376 -0.107723 0.0825536
6.25 0.99927 -0.0565726 0.0331685
6.3 0.999692 -0.00472378 -0.0162968
6.35 0.997639 0.0478232 -0.0658421
6.4 0.993106 0.101069 -0.115467
6.45 0.986091 0.155012 -0.165173
6.5 0.976588 0.209654 -0.214959
6.55 0.964603 0.258214 -0.264223
6.6 0.950184 0.306238 -0.312364
6.65 0.933386 0.353724 -0.359382
6.7 0.914265 0.400672 -0.405278
6.75 0.892877 0.447083 -0.45005
6.8 0.869278 0.492957 -0.493699
6.85 0.843525 0.538293 -0.536225
6.9 0.815674 0.583092 -0.577629
6.95 0.785781 0.627354 -0.617909
7 0.753902 0.671078 -0.657066
7.05 0.720102 0.707951 -0.694597
7.1 0.684478 0.743183 -0.729997
7.15 0.647138 0.776771 -0.763266
7.2 0.608187 0.808717 -0.794404
7.25 0.567733 0.83902 -0.823412
7.3 0.525881 0.86768 -0.850289
7.35 0.482739 0.894698 -0.875035
7.4 0.438413 0.920073 -0.89765
7.45 0.39301 0.943806 -0.918135
7.5 0.346635 0.965896 -0.936489
7.55 0.299398 0.982057 -0.952618
7.6 0.251412 0.995877 -0.966427
7.65 0.202794 1.00736 -0.977917
7.7 0.153659 1.01649 -0.987086
7.75 0.104124 1.02329 -0.993936
7.8 0.0543042 1.02774 -0.998466
7.85 0.00431599 1.02986 -1.00068
7.9 -0.0457248 1.02963 -1.00057
7.95 -0.0957021 1.02706 -0.998139
8 -0.1455 1.02215 -0.99339
8.05 -0.194996 1.01364 -0.985957
8.1 -0.244045 1.00264 -0.975475
8.15 -0.292493 0.989151 -0.961942
8.2 -0.340188 0.973184 -0.945361
8.25 -0.386978 0.954734 -0.92573
8.3 -0.432711 0.933799 -0.903049
8.35 -0.477232 0.910382 -0.877319
8.4 -0.520392 0.884481 -0.84854
8.45 -0.562036 0.856096 -0.816711
8.5 -0.602012 0.825228 -0.781833
8.55 -0.640203 0.79415 -0.745982
8.6 -0.676629 0.761118 -0.711237
8.65 -0.711345 0.726131 -0.677597
8.7 -0.744407 0.689189 -0.645062
8.75 -0.775869 0.650293 -0.613632
8.8 -0.805788 0.609442 -0.583307
8.85 -0.834218 0.566637 -0.554088
8.9 -0.861215 0.521877 -0.525974
8.95 -0.886834 0.475162 -0.498965
9 -0.91113 0.426493 -0.473061
