0 1
0.5 0.877583
1 0.540302
1.5 0.0707372
2 -0.416147
2.5 -0.801144
3 -0.989992
3.5 -0.936457
4 -0.653644
4.5 -0.210796
5 0.283662
5.5 0.70867
6 0.96017
6.5 0.976588
7 0.753902
7.5 0.346635
8 -0.1455
8.5 -0.602012
9 -0.91113


0 1 0 -0.244835
0.05 0.987758 0.049694 -0.244835
0.1 0.975517 0.0987758 -0.244835
0.15 0.963275 0.147246 -0.244835
0.2 0.951033 0.195103 -0.244835
0.25 0.938791 0.242349 -0.244835
0.3 0.92655 0.288982 -0.244835
0.35 0.914308 0.335004 -0.244835
0.4 0.902066 0.380413 -0.244835
0.45 0.889824 0.42521 -0.244835
0.5 0.877583 0.469396 -0.244835
0.55 0.863192 0.512969 -0.33078
0.6 0.844505 0.55593 -0.416725
0.65 0.82152 0.598279 -0.50267
0.7 0.794238 0.640015 -0.588615
0.75 0.762658 0.68114 -0.674561
0.8 0.726781 0.721653 -0.760506
0.85 0.686608 0.761553 -0.846451
0.9 0.642136 0.800842 -0.932396
0.95 0.593368 0.839518 -1.01834
1 0.540302 0.877583 -1.10429
1.05 0.485914 0.903217 -1.07125
1.1 0.433177 0.926091 -1.03822
1.15 0.382091 0.946205 -1.00519
1.2 0.332658 0.963557 -0.972161
1.25 0.284875 0.978149 -0.93913
1.3 0.238745 0.98998 -0.906099
1.35 0.194265 0.999051 -0.873068
1.4 0.151438 1.00536 -0.840037
1.45 0.110262 1.00891 -0.807005
1.5 0.0707372 1.0097 -0.773974
1.55 0.0310395 1.01227 -0.813933
1.6 -0.0106561 1.0129 -0.853892
1.65 -0.0543497 1.0116 -0.893851
1.7 -0.100041 1.00837 -0.933809
1.75 -0.147731 1.0032 -0.973768
1.8 -0.197418 0.99609 -1.01373
1.85 -0.249103 0.98705 -1.05369
1.9 -0.302787 0.976075 -1.09364
1.95 -0.358468 0.963165 -1.1336
2 -0.416147 0.94832 -1.17356
2.05 -0.472807 0.926045 -1.09285
2.1 -0.525432 0.900837 -1.01213
2.15 -0.574021 0.872695 -0.931421
2.2 -0.618574 0.841619 -0.850707
2.25 -0.659091 0.807609 -0.769994
2.3 -0.695573 0.770665 -0.68928
2.35 -0.728019 0.730788 -0.608566
2.4 -0.75643 0.687976 -0.527853
2.45 -0.780805 0.642231 -0.447139
2.5 -0.801144 0.593551 -0.366425
2.55 -0.819521 0.553036 -0.36868
2.6 -0.838012 0.511605 -0.370934
2.65 -0.856615 0.469257 -0.373189
2.7 -0.87533 0.425994 -0.375443
2.75 -0.894159 0.381814 -0.377698
2.8 -0.9131 0.336719 -0.379952
2.85 -0.932154 0.290707 -0.382207
2.9 -0.951321 0.24378 -0.384461
2.95 -0.9706 0.195936 -0.386716
3 -0.989992 0.147176 -0.38897
3.05 -1.00696 0.0971903 -0.289762
3.1 -1.01897 0.046232 -0.190554
3.15 -1.02602 -0.00569864 -0.0913451
3.2 -1.0281 -0.0586018 0.00786324
3.25 -1.02523 -0.112477 0.107072
3.3 -1.0174 -0.167325 0.20628
3.35 -1.0046 -0.223146 0.305488
3.4 -0.986847 -0.279938 0.404697
3.45 -0.964132 -0.337704 0.503905
3.5 -0.936457 -0.396441 0.603114
3.55 -0.906488 -0.44251 0.595616
3.6 -0.876895 -0.487071 0.588119
3.65 -0.847677 -0.530125 0.580621
3.7 -0.818833 -0.57167 0.573124
3.75 -0.790364 -0.611708 0.565626
3.8 -0.76227 -0.650238 0.558129
3.85 -0.734551 -0.687261 0.550631
3.9 -0.707207 -0.722775 0.543134
3.95 -0.680238 -0.756782 0.535636
4 -0.653644 -0.789281 0.528139
4.05 -0.625449 -0.821303 0.59965
4.1 -0.593679 -0.852004 0.671161
4.15 -0.558333 -0.881386 0.742673
4.2 -0.519411 -0.909446 0.814184
4.25 -0.476914 -0.936187 0.885696
4.3 -0.430842 -0.961607 0.957207
4.35 -0.381194 -0.985707 1.02872
4.4 -0.32797 -1.00849 1.10023
4.45 -0.271171 -1.02995 1.17174
4.5 -0.210796 -1.05009 1.24325
4.55 -0.149905 -1.05907 1.19239
4.6 -0.0915573 -1.06495 1.14152
4.65 -0.0357531 -1.06772 1.09065
4.7 0.0175078 -1.06738 1.03978
4.75 0.0682253 -1.06393 0.988916
4.8 0.116399 -1.05738 0.938049
4.85 0.16203 -1.04771 0.887181
4.9 0.205118 -1.03494 0.836314
4.95 0.245662 -1.01906 0.785447
5 0.283662 -1.00008 0.734579
5.05 0.320968 -0.984975 0.757667
5.1 0.359429 -0.968037 0.780754
5.15 0.399044 -0.949263 0.803841
5.2 0.439813 -0.928652 0.826928
5.25 0.481737 -0.906205 0.850015
5.3 0.524814 -0.881922 0.873102
5.35 0.569047 -0.855802 0.896189
5.4 0.614433 -0.827845 0.919277
5.45 0.660974 -0.798052 0.942364
5.5 0.70867 -0.766423 0.965451
5.55 0.75463 -0.729783 0.872961
5.6 0.795966 -0.690729 0.780471
5.65 0.832677 -0.649261 0.687981
5.7 0.864764 -0.60538 0.595491
5.75 0.892226 -0.559085 0.503001
5.8 0.915064 -0.510377 0.410511
5.85 0.933277 -0.459255 0.318021
5.9 0.946866 -0.405719 0.225531
5.95 0.95583 -0.34977 0.133041
6 0.96017 -0.291407 0.0405511
6.05 0.962159 -0.243347 0.0390078
6.1 0.964071 -0.195187 0.0374645
6.15 0.965906 -0.146925 0.0359212
6.2 0.967663 -0.0985615 0.034378
6.25 0.969344 -0.0500968 0.0328347
6.3 0.970947 -0.00153068 0.0312914
6.35 0.972473 0.0471368 0.0297481
6.4 0.973921 0.0959056 0.0282048
6.45 0.975293 0.144776 0.0266616
6.5 0.976588 0.193747 0.0251183
6.55 0.975491 0.242608 -0.0689795
6.6 0.96969 0.291532 -0.163077
6.65 0.959183 0.340518 -0.257175
6.7 0.943972 0.389567 -0.351273
6.75 0.924056 0.438679 -0.445371
6.8 0.899435 0.487854 -0.539469
6.85 0.870109 0.537092 -0.633566
6.9 0.836078 0.586392 -0.727664
6.95 0.797343 0.635755 -0.821762
7 0.753902 0.685181 -0.91586
7.05 0.708616 0.721731 -0.895595
7.1 0.664343 0.755992 -0.875329
7.15 0.621083 0.787963 -0.855064
7.2 0.578836 0.817644 -0.834799
7.25 0.537603 0.845036 -0.814534
7.3 0.497383 0.870138 -0.794269
7.35 0.458176 0.89295 -0.774004
7.4 0.419983 0.913473 -0.753738
7.45 0.382802 0.931706 -0.733473
7.5 0.346635 0.94765 -0.713208
7.55 0.30962 0.96409 -0.767421
7.6 0.269893 0.978747 -0.821633
7.65 0.227456 0.991621 -0.875846
7.7 0.182309 1.00271 -0.930058
7.75 0.13445 1.01202 -0.984271
7.8 0.0838816 1.01955 -1.03848
7.85 0.0306022 1.02529 -1.0927
7.9 -0.0253879 1.02925 -1.14691
7.95 -0.0840887 1.03142 -1.20112
8 -0.1455 1.03182 -1.25533
8.05 -0.206555 1.02297 -1.18687
8.1 -0.264187 1.01099 -1.11841
8.15 -0.318396 0.995869 -1.04995
8.2 -0.369182 0.97761 -0.981486
8.25 -0.416545 0.956212 -0.913024
8.3 -0.460484 0.931676 -0.844562
8.35 -0.501001 0.904002 -0.7761
8.4 -0.538094 0.87319 -0.707638
8.45 -0.571765 0.839239 -0.639176
8.5 -0.602012 0.80215 -0.570714
8.55 -0.630785 0.771336 -0.580219
8.6 -0.660034 0.739095 -0.589723
8.65 -0.689758 0.705427 -0.599228
8.7 -0.719957 0.670333 -0.608732
8.75 -0.750631 0.633812 -0.618237
8.8 -0.78178 0.595864 -0.627741
8.85 -0.813405 0.556489 -0.637246
8.9 -0.845505 0.515688 -0.64675
8.95 -0.87808 0.47346 -0.656255
9 -0.91113 0.429804 -0.665759
