100 0.0146179
100.1 0.0147309
100.2 0.0148453
100.3 0.0149609
100.4 0.015078
100.5 0.0151964
100.6 0.0153162
100.7 0.0154375
100.8 0.0155602
100.9 0.0156843
101 0.01581
101.1 0.0159371
101.2 0.0160658
101.3 0.0161961
101.4 0.016328
101.5 0.0164614
101.6 0.0165965
101.7 0.0167333
101.8 0.0168718
101.9 0.017012
102 0.017154
102.1 0.0172977
102.2 0.0174433
102.3 0.0175907
102.4 0.0177399
102.5 0.0178911
102.6 0.0180442
102.7 0.0181993
102.8 0.0183564
102.9 0.0185156
103 0.0186768
103.1 0.0188401
103.2 0.0190056
103.3 0.0191733
103.4 0.0193432
103.5 0.0195153
103.6 0.0196898
103.7 0.0198666
103.8 0.0200458
103.9 0.0202275
104 0.0204116
104.1 0.0205982
104.2 0.0207875
104.3 0.0209793
104.4 0.0211738
104.5 0.021371
104.6 0.021571
104.7 0.0217738
104.8 0.0219795
104.9 0.022188
105 0.0223996
105.1 0.0226142
105.2 0.0228319
105.3 0.0230528
105.4 0.0232769
105.5 0.0235043
105.6 0.023735
105.7 0.0239691
105.8 0.0242067
105.9 0.0244478
106 0.0246926
106.1 0.0249411
106.2 0.0251933
106.3 0.0254493
106.4 0.0257093
106.5 0.0259733
106.6 0.0262414
106.7 0.0265136
106.8 0.0267901
106.9 0.0270709
107 0.0273562
107.1 0.027646
107.2 0.0279404
107.3 0.0282395
107.4 0.0285435
107.5 0.0288524
107.6 0.0291663
107.7 0.0294854
107.8 0.0298097
107.9 0.0301394
108 0.0304747
108.1 0.0308155
108.2 0.031162
108.3 0.0315145
108.4 0.0318729
108.5 0.0322375
108.6 0.0326084
108.7 0.0329857
108.8 0.0333696
108.9 0.0337602
109 0.0341577
109.1 0.0345622
109.2 0.034974
109.3 0.0353932
109.4 0.0358199
109.5 0.0362544
109.6 0.0366968
109.7 0.0371474
109.8 0.0376063
109.9 0.0380737
110 0.03855
110.1 0.0390351
110.2 0.0395295
110.3 0.0400334
110.4 0.0405469
110.5 0.0410703
110.6 0.041604
110.7 0.042148
110.8 0.0427028
110.9 0.0432686
111 0.0438458
111.1 0.0444345
111.2 0.0450351
111.3 0.045648
111.4 0.0462735
111.5 0.0469118
111.6 0.0475635
111.7 0.0482288
111.8 0.0489081
111.9 0.0496019
112 0.0503105
112.1 0.0510343
112.2 0.0517739
112.3 0.0525296
112.4 0.053302
112.5 0.0540915
112.6 0.0548986
112.7 0.0557239
112.8 0.0565679
112.9 0.0574312
113 0.0583144
113.1 0.059218
113.2 0.0601427
113.3 0.0610893
113.4 0.0620583
113.5 0.0630505
113.6 0.0640666
113.7 0.0651074
113.8 0.0661738
113.9 0.0672665
114 0.0683864
114.1 0.0695344
114.2 0.0707115
114.3 0.0719187
114.4 0.0731569
114.5 0.0744274
114.6 0.0757311
114.7 0.0770693
114.8 0.0784431
114.9 0.0798539
115 0.081303
115.1 0.0827918
115.2 0.0843218
115.3 0.0858944
115.4 0.0875112
115.5 0.089174
115.6 0.0908845
115.7 0.0926445
115.8 0.0944559
115.9 0.0963208
116 0.0982412
116.1 0.100219
116.2 0.102258
116.3 0.104359
116.4 0.106525
116.5 0.108759
116.6 0.111064
116.7 0.113442
116.8 0.115897
116.9 0.118433
117 0.121052
117.1 0.123759
117.2 0.126557
117.3 0.129451
117.4 0.132444
117.5 0.135542
117.6 0.13875
117.7 0.142072
117.8 0.145514
117.9 0.149082
118 0.152782
118.1 0.156621
118.2 0.160606
118.3 0.164743
118.4 0.169041
118.5 0.173509
118.6 0.178155
118.7 0.182989
118.8 0.188021
118.9 0.193262
119 0.198723
119.1 0.204417
119.2 0.210358
119.3 0.216559
119.4 0.223036
119.5 0.229806
119.6 0.236885
119.7 0.244294
119.8 0.252052
119.9 0.260183
120 0.268709
120.1 0.277656
120.2 0.287053
120.3 0.29693
120.4 0.307319
120.5 0.318256
120.6 0.32978
120.7 0.341933
120.8 0.354761
120.9 0.368314
121 0.382647
121.1 0.39782
121.2 0.413899
121.3 0.430955
121.4 0.44907
121.5 0.468329
121.6 0.48883
121.7 0.51068
121.8 0.533995
121.9 0.558909
122 0.585566
122.1 0.614128
122.2 0.644776
122.3 0.677713
122.4 0.713165
122.5 0.751385
122.6 0.792659
122.7 0.83731
122.8 0.885699
122.9 0.938239
123 0.995394
123.1 1.0577
123.2 1.12574
123.3 1.20022
123.4 1.28192
123.5 1.37174
123.6 1.47069
123.7 1.57996
123.8 1.70088
123.9 1.83502
124 1.98411
124.1 2.15017
124.2 2.33546
124.3 2.54255
124.4 2.77426
124.5 3.03368
124.6 3.32411
124.7 3.64886
124.8 4.01109
124.9 4.41337
125 4.85708
125.1 5.34158
125.2 5.863
125.3 6.41286
125.4 6.97655
125.5 7.53222
125.6 8.05065
125.7 8.49695
125.8 8.8347
125.9 9.03214
126 9.06894
126.1 8.94117
126.2 8.66229
126.3 8.25977
126.4 7.76883
126.5 7.22568
126.6 6.66239
126.7 6.10418
126.8 5.56877
126.9 5.06717
127 4.60512
127.1 4.18453
127.2 3.80479
127.3 3.46377
127.4 3.15853
127.5 2.88576
127.6 2.64214
127.7 2.4245
127.8 2.22987
127.9 2.05557
128 1.89921
128.1 1.75867
128.2 1.63209
128.3 1.51782
128.4 1.41445
128.5 1.32072
128.6 1.23553
128.7 1.15795
128.8 1.08714
128.9 1.02237
129 0.963
129.1 0.908474
129.2 0.858296
129.3 0.812034
129.4 0.769304
129.5 0.729766
129.6 0.693119
129.7 0.659096
129.8 0.627458
129.9 0.597994
130 0.570513
130.1 0.544845
130.2 0.520837
130.3 0.498352
130.4 0.477267
130.5 0.457469
130.6 0.438858
130.7 0.421342
130.8 0.404838
130.9 0.389272
131 0.374574
131.1 0.360682
131.2 0.347539
131.3 0.335092
131.4 0.323294
131.5 0.312102
131.6 0.301474
131.7 0.291374
131.8 0.281769
131.9 0.272625
132 0.263916
132.1 0.255613
132.2 0.247692
132.3 0.240131
132.4 0.232908
132.5 0.226003
132.6 0.219398
132.7 0.213076
132.8 0.207022
132.9 0.20122
133 0.195657
133.1 0.19032
133.2 0.185197
133.3 0.180276
133.4 0.175548
133.5 0.171002
133.6 0.16663
133.7 0.162422
133.8 0.158371
133.9 0.154468
134 0.150707
134.1 0.147081
134.2 0.143584
134.3 0.140209
134.4 0.136952
134.5 0.133806
134.6 0.130767
134.7 0.127829
134.8 0.124989
134.9 0.122242
135 0.119585
135.1 0.117012
135.2 0.114522
135.3 0.11211
135.4 0.109773
135.5 0.107508
135.6 0.105312
135.7 0.103182
135.8 0.101116
135.9 0.0991117
136 0.0971659
136.1 0.0952766
136.2 0.0934418
136.3 0.0916592
136.4 0.089927
136.5 0.0882432
136.6 0.0866062
136.7 0.0850142
136.8 0.0834655
136.9 0.0819587
137 0.0804921
137.1 0.0790645
137.2 0.0776744
137.3 0.0763205
137.4 0.0750017
137.5 0.0737166
137.6 0.0724642
137.7 0.0712434
137.8 0.0700531
137.9 0.0688922
138 0.06776
138.1 0.0666553
138.2 0.0655774
138.3 0.0645254
138.4 0.0634984
138.5 0.0624956
138.6 0.0615164
138.7 0.06056
138.8 0.0596257
138.9 0.0587127
139 0.0578206
139.1 0.0569486
139.2 0.0560961
139.3 0.0552625
139.4 0.0544474
139.5 0.0536502
139.6 0.0528703
139.7 0.0521072
139.8 0.0513605
139.9 0.0506298
140 0.0499144
140.1 0.0492141
140.2 0.0485285
140.3 0.047857
140.4 0.0471993
140.5 0.0465551
140.6 0.045924
140.7 0.0453055
140.8 0.0446995
140.9 0.0441055
141 0.0435233
141.1 0.0429525
141.2 0.0423929
141.3 0.0418441
141.4 0.0413058
141.5 0.0407779
141.6 0.04026
141.7 0.0397519
141.8 0.0392534
141.9 0.0387641
142 0.038284
142.1 0.0378126
142.2 0.03735
142.3 0.0368957
142.4 0.0364497
142.5 0.0360117
142.6 0.0355816
142.7 0.0351591
142.8 0.034744
142.9 0.0343363
143 0.0339357
143.1 0.033542
143.2 0.0331552
143.3 0.032775
143.4 0.0324013
143.5 0.0320339
143.6 0.0316728
143.7 0.0313177
143.8 0.0309685
143.9 0.0306252
144 0.0302875
144.1 0.0299554
144.2 0.0296287
144.3 0.0293073
144.4 0.0289911
144.5 0.0286799
144.6 0.0283738
144.7 0.0280725
144.8 0.027776
144.9 0.0274842
145 0.0271969
145.1 0.0269142
145.2 0.0266358
145.3 0.0263616
145.4 0.0260917
145.5 0.025826
145.6 0.0255642
145.7 0.0253064
145.8 0.0250525
145.9 0.0248024
146 0.024556
146.1 0.0243133
146.2 0.0240741
146.3 0.0238384
146.4 0.0236062
146.5 0.0233774
146.6 0.0231518
146.7 0.0229296
146.8 0.0227105
146.9 0.0224945
147 0.0222816
147.1 0.0220716
147.2 0.0218647
147.3 0.0216606
147.4 0.0214594
147.5 0.021261
147.6 0.0210653
147.7 0.0208723
147.8 0.0206819
147.9 0.0204941
148 0.0203089
148.1 0.0201261
148.2 0.0199458
148.3 0.019768
148.4 0.0195925
148.5 0.0194193
148.6 0.0192484
148.7 0.0190797
148.8 0.0189133
148.9 0.018749
149 0.0185868
149.1 0.0184268
149.2 0.0182688
149.3 0.0181128
149.4 0.0179588
149.5 0.0178068
149.6 0.0176567
149.7 0.0175084
149.8 0.0173621
149.9 0.0172175
150 0.0170748
150.1 0.0169338
150.2 0.0167946
150.3 0.016657
150.4 0.0165212
150.5 0.016387
150.6 0.0162544
150.7 0.0161234
150.8 0.015994
150.9 0.0158662
151 0.0157399
151.1 0.0156151
151.2 0.0154917
151.3 0.0153699
151.4 0.0152494
151.5 0.0151304
151.6 0.0150127
151.7 0.0148964
151.8 0.0147815
151.9 0.0146679
152 0.0145556
152.1 0.0144445
152.2 0.0143348
152.3 0.0142263
152.4 0.014119
152.5 0.0140129
152.6 0.013908
152.7 0.0138043
152.8 0.0137017
152.9 0.0136003
153 0.0135
153.1 0.0134008
153.2 0.0133027
153.3 0.0132056
153.4 0.0131097
153.5 0.0130147
153.6 0.0129208
153.7 0.0128279
153.8 0.012736
153.9 0.0126451
154 0.0125551
154.1 0.0124662
154.2 0.0123781
154.3 0.012291
154.4 0.0122048
154.5 0.0121195
154.6 0.0120351
154.7 0.0119515
154.8 0.0118689
154.9 0.0117871
155 0.0117061
155.1 0.011626
155.2 0.0115466
155.3 0.0114681
155.4 0.0113904
155.5 0.0113135
155.6 0.0112374
155.7 0.011162
155.8 0.0110873
155.9 0.0110135
156 0.0109403
156.1 0.0108679
156.2 0.0107962
156.3 0.0107252
156.4 0.0106549
156.5 0.0105853
156.6 0.0105164
156.7 0.0104481
156.8 0.0103805
156.9 0.0103136
157 0.0102473
157.1 0.0101816
157.2 0.0101166
157.3 0.0100522
157.4 0.00998837
157.5 0.00992518
157.6 0.00986259
157.7 0.00980058
157.8 0.00973916
157.9 0.00967831
158 0.00961803
158.1 0.00955832
158.2 0.00949915
158.3 0.00944054
158.4 0.00938246
158.5 0.00932492
158.6 0.00926791
158.7 0.00921141
158.8 0.00915544
158.9 0.00909997
159 0.009045
159.1 0.00899053
159.2 0.00893655
159.3 0.00888306
159.4 0.00883004
159.5 0.0087775
159.6 0.00872542
159.7 0.00867381
159.8 0.00862265
159.9 0.00857194
160 0.00852168
