-5.000000e+00 -4.275509e+13 nan
-4.937500e+00 -1.492411e-01 nan
-4.875000e+00 -8.455295e-02 nan
-4.812500e+00 -6.467837e-02 nan
-4.750000e+00 -5.639287e-02 nan
-4.687500e+00 -5.318043e-02 nan
-4.625000e+00 -5.303296e-02 nan
-4.562500e+00 -5.531211e-02 nan
-4.500000e+00 -6.001960e-02 nan
-4.437500e+00 -6.765189e-02 nan
-4.375000e+00 -7.933354e-02 nan
-4.312500e+00 -9.729653e-02 nan
-4.250000e+00 -1.261766e-01 nan
-4.187500e+00 -1.769658e-01 nan
-4.125000e+00 -2.828737e-01 nan
-4.062500e+00 -6.104286e-01 nan
-4.000000e+00 2.672193e+14 nan
-3.937500e+00 7.368778e-01 nan
-3.875000e+00 4.121956e-01 nan
-3.812500e+00 3.112646e-01 nan
-3.750000e+00 2.678661e-01 nan
-3.687500e+00 2.492833e-01 nan
-3.625000e+00 2.452774e-01 nan
-3.562500e+00 2.523615e-01 nan
-3.500000e+00 2.700882e-01 nan
-3.437500e+00 3.002053e-01 nan
-3.375000e+00 3.470842e-01 nan
-3.312500e+00 4.195913e-01 nan
-3.250000e+00 5.362507e-01 nan
-3.187500e+00 7.410444e-01 nan
-3.125000e+00 1.166854e+00 nan
-3.062500e+00 2.479866e+00 nan
-3.000000e+00 -1.425170e+15 nan
-2.937500e+00 -2.901456e+00 nan
-2.875000e+00 -1.597258e+00 nan
-2.812500e+00 -1.186696e+00 nan
-2.750000e+00 -1.004498e+00 nan
-2.687500e+00 -9.192320e-01 nan
-2.625000e+00 -8.891306e-01 nan
-2.562500e+00 -8.990378e-01 nan
-2.500000e+00 -9.453087e-01 nan
-2.437500e+00 -1.031956e+00 nan
-2.375000e+00 -1.171409e+00 nan
-2.312500e+00 -1.389896e+00 nan
-2.250000e+00 -1.742815e+00 nan
-2.187500e+00 -2.362079e+00 nan
-2.125000e+00 -3.646418e+00 nan
-2.062500e+00 -7.594590e+00 nan
-2.000000e+00 6.413263e+15 nan
-1.937500e+00 8.523028e+00 nan
-1.875000e+00 4.592117e+00 nan
-1.812500e+00 3.337584e+00 nan
-1.750000e+00 2.762369e+00 nan
-1.687500e+00 2.470436e+00 nan
-1.625000e+00 2.333968e+00 nan
-1.562500e+00 2.303784e+00 nan
-1.500000e+00 2.363272e+00 nan
-1.437500e+00 2.515392e+00 nan
-1.375000e+00 2.782097e+00 nan
-1.312500e+00 3.214135e+00 nan
-1.250000e+00 3.921333e+00 nan
-1.187500e+00 5.167048e+00 nan
-1.125000e+00 7.748639e+00 nan
-1.062500e+00 1.566384e+01 nan
-1.000000e+00 -2.565305e+16 nan
-9.375000e-01 -1.651337e+01 nan
-8.750000e-01 -8.610219e+00 nan
-8.125000e-01 -6.049370e+00 nan
-7.500000e-01 -4.834147e+00 nan
-6.875000e-01 -4.168861e+00 nan
-6.250000e-01 -3.792698e+00 nan
-5.625000e-01 -3.599663e+00 nan
-5.000000e-01 -3.544908e+00 nan
-4.375000e-01 -3.615876e+00 nan
-3.750000e-01 -3.825384e+00 nan
-3.125000e-01 -4.218552e+00 nan
-2.500000e-01 -4.901667e+00 nan
-1.875000e-01 -6.135869e+00 nan
-1.250000e-01 -8.717219e+00 nan
-6.250000e-02 -1.664283e+01 nan
0.000000e+00 inf nan
6.250000e-02 1.548128e+01 2.739632e+00
1.250000e-01 7.533942e+00 2.019418e+00
1.875000e-01 4.915113e+00 1.592315e+00
2.500000e-01 3.625610e+00 1.288023e+00
3.125000e-01 2.866092e+00 1.052949e+00
3.750000e-01 2.370436e+00 8.630740e-01
4.375000e-01 2.024811e+00 7.054761e-01
5.000000e-01 1.772454e+00 5.723649e-01
5.625000e-01 1.581946e+00 4.586555e-01
6.250000e-01 1.434519e+00 3.608295e-01
6.875000e-01 1.318297e+00 2.763411e-01
7.500000e-01 1.225417e+00 2.032809e-01
8.125000e-01 1.150475e+00 1.401753e-01
8.750000e-01 1.089652e+00 8.585870e-02
9.375000e-01 1.040177e+00 3.939090e-02
1.000000e+00 1.000000e+00 -1.093510e-08
1.062500e+00 9.675801e-01 -3.295711e-02
1.125000e+00 9.417427e-01 -6.002319e-02
1.187500e+00 9.215838e-01 -8.166160e-02
1.250000e+00 9.064025e-01 -9.827185e-02
1.312500e+00 8.956537e-01 -1.102015e-01
1.375000e+00 8.889136e-01 -1.177553e-01
1.437500e+00 8.858546e-01 -1.212024e-01
1.500000e+00 8.862269e-01 -1.207822e-01
1.562500e+00 8.898444e-01 -1.167087e-01
1.625000e+00 8.965743e-01 -1.091741e-01
1.687500e+00 9.063295e-01 -9.835238e-02
1.750000e+00 9.190625e-01 -8.440113e-02
1.812500e+00 9.347613e-01 -6.746408e-02
1.875000e+00 9.534458e-01 -4.767269e-02
1.937500e+00 9.751659e-01 -2.514763e-02
2.000000e+00 1.000000e+00 -1.093510e-08
2.062500e+00 1.028054e+00 2.766751e-02
2.125000e+00 1.059461e+00 5.775984e-02
2.187500e+00 1.094381e+00 9.018865e-02
2.250000e+00 1.133003e+00 1.248717e-01
2.312500e+00 1.175545e+00 1.617322e-01
2.375000e+00 1.222256e+00 2.006985e-01
2.437500e+00 1.273416e+00 2.417031e-01
2.500000e+00 1.329340e+00 2.846829e-01
2.562500e+00 1.390382e+00 3.295784e-01
2.625000e+00 1.456933e+00 3.763337e-01
2.687500e+00 1.529431e+00 4.248958e-01
2.750000e+00 1.608359e+00 4.752147e-01
2.812500e+00 1.694255e+00 5.272430e-01
2.875000e+00 1.787711e+00 5.809360e-01
2.937500e+00 1.889384e+00 6.362509e-01
3.000000e+00 2.000000e+00 6.931472e-01
3.062500e+00 2.120361e+00 7.515864e-01
3.125000e+00 2.251354e+00 8.115316e-01
3.187500e+00 2.393958e+00 8.729480e-01
3.250000e+00 2.549257e+00 9.358019e-01
3.312500e+00 2.718449e+00 1.000061e+00
3.375000e+00 2.902858e+00 1.065696e+00
3.437500e+00 3.103952e+00 1.132676e+00
3.500000e+00 3.323351e+00 1.200974e+00
3.562500e+00 3.562853e+00 1.270562e+00
3.625000e+00 3.824450e+00 1.341415e+00
3.687500e+00 4.110346e+00 1.413507e+00
3.750000e+00 4.422988e+00 1.486816e+00
3.812500e+00 4.765092e+00 1.561317e+00
3.875000e+00 5.139669e+00 1.636989e+00
3.937500e+00 5.550066e+00 1.713810e+00
4.000000e+00 6.000000e+00 1.791759e+00
4.062500e+00 6.493606e+00 1.870818e+00
4.125000e+00 7.035480e+00 1.950966e+00
4.187500e+00 7.630741e+00 2.032185e+00
4.250000e+00 8.285085e+00 2.114457e+00
4.312500e+00 9.004862e+00 2.197765e+00
4.375000e+00 9.797147e+00 2.282091e+00
4.437500e+00 1.066983e+01 2.367420e+00
4.500000e+00 1.163173e+01 2.453737e+00
4.562500e+00 1.269267e+01 2.541024e+00
4.625000e+00 1.386363e+01 2.629269e+00
4.687500e+00 1.515690e+01 2.718456e+00
4.750000e+00 1.658621e+01 2.808571e+00
4.812500e+00 1.816691e+01 2.899602e+00
4.875000e+00 1.991622e+01 2.991534e+00
4.937500e+00 2.185338e+01 3.084356e+00
5.000000e+00 2.400000e+01 3.178054e+00
