0 3 0
0.125 2.99454 -0.087973
0.270005 2.97419 -0.195468
0.399619 2.94199 -0.304886
0.505079 2.9045 -0.409234
0.600064 2.86054 -0.519481
0.684697 2.81186 -0.634187
0.760681 2.75926 -0.753169
0.829739 2.70308 -0.876645
0.896545 2.6401 -1.01192
0.95669 2.5752 -1.14855
1.01493 2.50411 -1.29546
1.07092 2.42729 -1.4512
1.12477 2.34479 -1.61503
1.17686 2.25626 -1.78683
1.22771 2.16087 -1.96708
1.27798 2.05726 -2.15683
1.32848 1.94332 -2.35772
1.38022 1.81582 -2.57213
1.43453 1.66987 -2.80301
1.49295 1.49883 -3.05209
1.55539 1.30015 -3.30978
1.6076 1.12203 -3.50948
1.65136 0.965129 -3.65925
1.69106 0.817444 -3.77671
1.72707 0.679815 -3.8648
1.76183 0.544276 -3.93074
1.79503 0.413008 -3.97435
1.82673 0.286585 -3.99705
1.85719 0.164742 -4.00065
1.8867 0.0468561 -3.98674
1.91556 -0.0677978 -3.95656
1.94405 -0.179933 -3.91091
1.97246 -0.290208 -3.85024
2.00105 -0.399215 -3.77468
2.03007 -0.507491 -3.68404
2.05982 -0.615525 -3.57783
2.09059 -0.723766 -3.45526
2.12273 -0.832621 -3.31521
2.15666 -0.942418 -3.15621
2.19282 -1.05332 -2.97656
2.23169 -1.16512 -2.77459
2.27364 -1.27683 -2.54962
2.31868 -1.38612 -2.30357
2.36618 -1.48934 -2.04239
2.41507 -1.58264 -1.77483
2.46428 -1.66342 -1.50897
2.51316 -1.73083 -1.24972
2.56149 -1.78514 -0.998791
2.60935 -1.8271 -0.755663
2.65698 -1.85744 -0.518712
2.70467 -1.87661 -0.285934
2.75267 -1.88479 -0.0553899
2.80116 -1.88189 0.174543
2.85024 -1.86766 0.405072
2.89993 -1.84177 0.637006
2.9502 -1.80387 0.87087
3.00106 -1.75357 1.10706
3.05259 -1.69037 1.34591
3.10494 -1.61357 1.58756
3.15829 -1.52237 1.83142
3.21259 -1.41628 2.07495
3.26727 -1.2963 2.31203
3.321 -1.16606 2.53278
3.36863 -1.04104 2.71414
3.41142 -0.9217 2.86211
3.4504 -0.807731 2.98194
3.48812 -0.693304 3.08196
3.52419 -0.580674 3.16105
3.55857 -0.470926 3.21989
3.59145 -0.364381 3.25991
3.62305 -0.260944 3.28266
3.65366 -0.160316 3.28949
3.68354 -0.0621292 3.28151
3.71292 0.0339893 3.25954
3.74202 0.128385 3.22412
3.77107 0.221363 3.1756
3.80026 0.313187 3.11408
3.82979 0.404076 3.03952
3.85987 0.494204 2.95167
3.89071 0.583696 2.85014
3.92254 0.672614 2.73435
3.95562 0.760933 2.60358
3.99022 0.848493 2.45702
4.02659 0.934927 2.29385
4.06498 1.01954 2.11356
4.10549 1.10119 1.91639
4.14802 1.17818 1.70394
4.19216 1.24845 1.47958
4.23728 1.31 1.24806
4.28272 1.36139 1.01425
4.32793 1.402 0.78204
4.37262 1.43184 0.55377
4.41669 1.45131 0.330372
4.46021 1.46092 0.111777
4.50334 1.46111 -0.102661
4.5463 1.45216 -0.313821
4.58929 1.43417 -0.522567
4.63252 1.40709 -0.729553
4.67615 1.37076 -0.935047
4.72027 1.325 -1.13874
4.76484 1.26975 -1.33955
4.80971 1.20522 -1.53545
4.85455 1.13213 -1.72349
4.89888 1.05177 -1.90017
4.94221 0.965878 -2.06207
4.98413 0.876375 -2.20659
5.02436 0.785025 -2.33231
5.06282 0.693228 -2.43892
5.09956 0.601958 -2.52694
5.13473 0.511808 -2.59735
5.16852 0.423082 -2.65131
5.20116 0.335891 -2.68996
5.23285 0.250226 -2.71431
5.2638 0.166014 -2.72523
5.2942 0.0831498 -2.7234
5.32424 0.00152426 -2.70934
5.35408 -0.0789676 -2.68343
5.38389 -0.158416 -2.64591
5.41381 -0.236891 -2.59689
5.44402 -0.314438 -2.53638
5.47465 -0.391073 -2.46428
5.5059 -0.466773 -2.38036
5.53791 -0.541466 -2.28435
5.57088 -0.615014 -2.17584
5.60499 -0.687187 -2.05439
5.64043 -0.757628 -1.91958
5.67736 -0.825806 -1.77109
5.7159 -0.890957 -1.60892
5.75605 -0.952055 -1.43369
5.79766 -1.00784 -1.24691
5.84039 -1.05695 -1.05113
5.88378 -1.09819 -0.849675
5.92732 -1.13076 -0.646034
5.97061 -1.15433 -0.443173
6.0134 -1.16901 -0.243146
6.05561 -1.17513 -0.0470659
6.09729 -1.17309 0.14468
6.13856 -1.16324 0.332116
6.17958 -1.14584 0.515375
6.22046 -1.1211 0.694444
6.26131 -1.08915 0.868995
6.30213 -1.05021 1.03828
6.34283 -1.0046 1.20115
6.38329 -0.952851 1.3561
6.4233 -0.895648 1.50154
6.46267 -0.833853 1.63592
6.50123 -0.768399 1.75802
6.53883 -0.700208 1.86699
6.57542 -0.630114 1.96241
6.61099 -0.558822 2.04421
6.64558 -0.48689 2.11262
6.67928 -0.414741 2.16799
6.71218 -0.342681 2.2108
6.7444 -0.270924 2.24152
6.77606 -0.199616 2.2606
6.8073 -0.128856 2.26844
6.83823 -0.0587107 2.26538
6.86898 0.0107699 2.25169
6.89968 0.0795446 2.22755
6.93044 0.147572 2.1931
6.9614 0.214802 2.14839
6.99268 0.28117 2.09338
7.02442 0.346593 2.02801
7.05675 0.410952 1.95213
7.08981 0.474091 1.86552
7.12376 0.535793 1.76794
7.15875 0.595771 1.65912
7.19492 0.653633 1.53883
7.23241 0.708862 1.40694
7.27128 0.760786 1.26359
7.31154 0.808567 1.10935
7.35306 0.851234 0.945437
7.39556 0.887785 0.773841
7.43867 0.917341 0.597189
7.48195 0.939318 0.418375
7.52501 0.953493 0.240062
7.5676 0.959969 0.0643053
7.60961 0.959053 -0.107542
7.65103 0.951126 -0.2747
7.69193 0.936567 -0.436708
7.73237 0.915726 -0.593188
7.77241 0.888942 -0.743679
7.81207 0.856575 -0.887561
7.85132 0.81904 -1.02407
7.8901 0.776817 -1.15237
7.92833 0.730455 -1.27163
7.96594 0.680541 -1.38113
8.00288 0.627672 -1.48031
8.0391 0.572424 -1.56879
8.0746 0.515326 -1.64639
8.1094 0.456843 -1.71308
8.14354 0.397374 -1.76894
8.17708 0.337249 -1.81415
8.2101 0.276741 -1.84893
8.24269 0.216068 -1.87351
8.27492 0.155412 -1.88811
8.30691 0.0949199 -1.89295
8.33874 0.0347193 -1.8882
8.37051 -0.0250778 -1.87401
8.40234 -0.0843665 -1.85047
8.43432 -0.143042 -1.81765
8.46656 -0.200995 -1.77555
8.49918 -0.258103 -1.72413
8.5323 -0.314223 -1.66333
8.56605 -0.369189 -1.59303
8.60055 -0.422791 -1.51305
8.63594 -0.474775 -1.42324
8.67237 -0.524816 -1.32341
8.70995 -0.572507 -1.21343
8.7488 -0.617337 -1.09328
8.78899 -0.658675 -0.963212
8.83049 -0.69577 -0.823839
8.87316 -0.727792 -0.67638
8.91673 -0.753922 -0.522723
8.9608 -0.773494 -0.365344
9.00493 -0.78612 -0.206952
9.04874 -0.791744 -0.050047
9.09195 -0.790582 0.103412
9.13445 -0.783017 0.252075
9.17621 -0.76949 0.395062
9.21726 -0.750451 0.531766
9.25764 -0.72634 0.661684
9.29737 -0.697596 0.784336
9.33647 -0.664663 0.899247
9.37493 -0.627998 1.00596
9.41276 -0.588061 1.10408
9.44996 -0.545309 1.19327
9.48653 -0.500183 1.27331
9.52249 -0.453096 1.34406
9.55788 -0.404424 1.40547
9.59273 -0.354508 1.45756
9.62711 -0.303643 1.5004
9.66107 -0.252092 1.5341
9.69468 -0.20008 1.55878
9.72803 -0.147806 1.57458
9.7612 -0.0954434 1.58161
9.79427 -0.0431493 1.57998
9.82732 0.00893191 1.56978
9.86046 0.0606627 1.55107
9.89377 0.111908 1.52389
9.92737 0.162527 1.48824
9.96135 0.212374 1.44409
9.99583 0.261284 1.39139
10.0309 0.309072 1.33003
10.0668 0.355522 1.25991
10.1035 0.400377 1.18087
10.1413 0.443325 1.09278
10.1802 0.483986 0.995527
10.2204 0.521892 0.889087
10.262 0.556475 0.773631
10.305 0.587061 0.649672
10.3492 0.6129 0.518256
10.3944 0.633244 0.38112
10.4402 0.647482 0.240666
10.4861 0.655279 0.0996487
10.5315 0.656642 -0.0393224
10.5762 0.651862 -0.174178
10.6199 0.641395 -0.303495
10.6627 0.625757 -0.426373
10.7046 0.605463 -0.542246
10.7456 0.581002 -0.650728
10.7857 0.552837 -0.751528
10.8251 0.521406 -0.844418
10.8637 0.487123 -0.92922
10.9017 0.45038 -1.0058
10.939 0.411541 -1.07408
10.9757 0.370945 -1.13403
11.012 0.328899 -1.18565
11.0478 0.285686 -1.22896
11.0831 0.241558 -1.26404
11.1182 0.196743 -1.29096
11.153 0.151446 -1.3098
11.1877 0.105856 -1.32063
11.2222 0.0601441 -1.32352
11.2568 0.014472 -1.31854
11.2914 -0.0310054 -1.30573
11.3262 -0.0761363 -1.28512
11.3613 -0.120767 -1.25669
11.3968 -0.164738 -1.22044
11.4328 -0.207877 -1.17631
11.4694 -0.249996 -1.12422
11.5067 -0.290882 -1.06408
11.545 -0.330286 -0.995754
11.5843 -0.367916 -0.919116
11.6248 -0.403421 -0.834042
11.6666 -0.436374 -0.740468
11.7099 -0.466252 -0.638475
11.7547 -0.49243 -0.528435
11.8011 -0.514196 -0.411229
11.8485 -0.530816 -0.288472
11.8967 -0.541682 -0.162574
11.945 -0.546476 -0.0364302
11.9927 -0.545257 0.0871771
12.0394 -0.53839 0.206079
12.085 -0.526411 0.318855
12.1294 -0.509896 0.424688
12.1726 -0.489398 0.523144
12.2147 -0.465421 0.614007
12.2559 -0.438417 0.697172
12.2961 -0.408793 0.772598
12.3356 -0.376916 0.840276
12.3745 -0.343118 0.900221
12.4127 -0.307702 0.952467
12.4503 -0.270943 0.997061
12.4876 -0.23309 1.03406
12.5245 -0.194371 1.06352
12.5611 -0.154997 1.08551
12.5976 -0.115159 1.10009
12.6339 -0.0750397 1.10731
12.6702 -0.0348078 1.10722
12.7066 0.00537235 1.09984
12.7432 0.0453401 1.08521
12.78 0.0849343 1.0633
12.8172 0.123989 1.03412
12.8549 0.16233 0.9976
12.8933 0.199769 0.953685
12.9324 0.236094 0.902278
12.9725 0.271068 0.843259
13.0136 0.304411 0.776492
13.056 0.335793 0.701837
13.0999 0.364808 0.619189
13.1455 0.390962 0.528553
13.1928 0.413648 0.430199
13.2418 0.432161 0.324908
13.2922 0.445756 0.214276
13.3434 0.453822 0.100838
13.3946 0.456081 -0.0123047
13.445 0.452677 -0.122233
13.4942 0.444077 -0.226799
13.542 0.430894 -0.324716
13.5882 0.41375 -0.415346
13.6331 0.39321 -0.498436
13.6768 0.369768 -0.573938
13.7194 0.34385 -0.641898
13.7611 0.315826 -0.702398
13.8019 0.286018 -0.755532
13.8421 0.254714 -0.801395
13.8818 0.222171 -0.840074
13.9209 0.188622 -0.87165
13.9598 0.154282 -0.896197
13.9983 0.119346 -0.913779
14.0368 0.0840012 -0.924451
14.0751 0.0484214 -0.928254
14.1136 0.012776 -0.925218
14.1522 -0.0227695 -0.915359
14.1911 -0.0580497 -0.898675
14.2303 -0.0928955 -0.875143
14.2701 -0.12713 -0.844722
14.3106 -0.160564 -0.807344
14.3518 -0.192989 -0.762915
14.3941 -0.224169 -0.711313
14.4376 -0.253833 -0.652391
14.4825 -0.281653 -0.585988
14.529 -0.307233 -0.511962
14.5775 -0.330077 -0.43027
14.628 -0.349568 -0.34114
14.6805 -0.364974 -0.245375
14.7346 -0.375529 -0.144744
14.7895 -0.38065 -0.0420965
14.844 -0.380173 0.0592143
14.8975 -0.374401 0.156289
14.9493 -0.363932 0.24722
14.9993 -0.349446 0.331026
15.0476 -0.331582 0.407331
15.0944 -0.310889 0.47609
15.1399 -0.28783 0.537406
15.1842 -0.262789 0.591432
15.2276 -0.236095 0.638332
15.2702 -0.208029 0.678252
15.3122 -0.178843 0.711321
15.3536 -0.148757 0.737648
15.3948 -0.117979 0.757321
15.4357 -0.0866958 0.77041
15.4765 -0.0550886 0.776969
15.5174 -0.0233295 0.777032
15.5584 0.00841261 0.770618
15.5996 0.039969 0.757727
15.6413 0.0711679 0.738337
15.6836 0.10183 0.712404
15.7265 0.131764 0.679857
15.7704 0.160759 0.640596
15.8154 0.188577 0.594489
15.8618 0.214941 0.541371
15.9099 0.239519 0.481055
15.9599 0.261897 0.41337
16.0121 0.281548 0.338254
16.0668 0.297808 0.255984
16.1238 0.309885 0.167592
16.1824 0.317003 0.0753309
16.2414 0.318703 -0.0174285
16.2995 0.315066 -0.107208
16.3559 0.306624 -0.191457
16.4103 0.2941 -0.268783
16.4625 0.278203 -0.338644
16.5129 0.259545 -0.400968
16.5617 0.238628 -0.455898
16.6091 0.215859 -0.503649
16.6554 0.191575 -0.544439
16.7008 0.16606 -0.578465
16.7455 0.139557 -0.60589
16.7897 0.112285 -0.626846
16.8336 0.0844422 -0.641435
16.8773 0.0562143 -0.649732
16.9209 0.0277779 -0.651788
16.9647 -0.000694277 -0.647629
17.0088 -0.0290303 -0.637259
17.0533 -0.0570549 -0.620658
17.0985 -0.0845848 -0.597778
17.1445 -0.111424 -0.568543
17.1915 -0.137354 -0.532839
17.2399 -0.16213 -0.490515
17.2899 -0.185458 -0.44138
17.3419 -0.20698 -0.385218
17.3964 -0.22624 -0.321833
17.4536 -0.242642 -0.251203
17.5137 -0.255423 -0.17383
17.5762 -0.26372 -0.0913429
17.64 -0.266843 -0.00685985
17.7032 -0.264649 0.0757856
17.7647 -0.257583 0.153473
17.8238 -0.246397 0.224419
17.8804 -0.231868 0.287918
17.9347 -0.214666 0.343875
17.9872 -0.195332 0.392472
18.038 -0.174294 0.433975
18.0876 -0.151895 0.468654
18.1362 -0.12842 0.496743
18.184 -0.104111 0.518433
18.2314 -0.0791805 0.533872
18.2784 -0.0538249 0.543169
18.3254 -0.0282273 0.546396
18.3724 -0.00256562 0.543596
18.4197 0.0229836 0.534782
18.4676 0.0482399 0.519933
18.5162 0.0730142 0.498997
18.5657 0.0971017 0.471888
18.6166 0.120274 0.438472
18.6691 0.142265 0.398571
18.7236 0.162753 0.351959
18.7807 0.181332 0.298383
18.8408 0.197464 0.237656
18.9044 0.21043 0.169932
18.9712 0.219332 0.0963118
19.0401 0.223318 0.0195616
19.109 0.222038 -0.0562883
19.176 0.215854 -0.127637
19.2402 0.205547 -0.192362
19.3016 0.191957 -0.249631
19.3603 0.17581 -0.299348
19.4168 0.157678 -0.341735
19.4715 0.138006 -0.377112
19.5247 0.117143 -0.405787
19.5768 0.0953707 -0.428025
19.6283 0.0729295 -0.444033
19.6792 0.0500304 -0.453966
19.7299 0.0268679 -0.457929
19.7807 0.00362755 -0.455987
19.8319 -0.0195073 -0.448162
19.8836 -0.0423491 -0.434439
19.9362 -0.0646998 -0.414759
19.99 -0.0863428 -0.389021
20 -0.0902248 -0.38362
