-1 0.353227 0.355778 0.192498 0.171385 -9.47359 -11.2801 0.234206 0.234353
-0.979798 0.354979 0.356906 -0.0219491 -0.0613973 -10.3236 -11.7536 0.241367 0.24156
-0.959596 0.352231 0.353238 -0.252562 -0.302992 -11.0726 -12.1503 0.248519 0.248742
-0.939394 0.344682 0.344615 -0.496912 -0.551713 -11.7009 -12.4569 0.255567 0.255799
-0.919192 0.33208 0.330912 -0.752172 -0.805604 -12.1899 -12.6598 0.262411 0.262631
-0.89899 0.314239 0.312046 -1.01514 -1.06243 -12.5222 -12.7453 0.268949 0.269134
-0.878788 0.291036 0.287983 -1.28228 -1.31969 -12.6824 -12.7002 0.275072 0.275204
-0.858586 0.262427 0.258741 -1.54975 -1.5746 -12.6569 -12.5118 0.280671 0.280735
-0.838384 0.228445 0.224398 -1.81348 -1.82417 -12.435 -12.1684 0.285639 0.285624
-0.818182 0.189209 0.185095 -2.06919 -2.06515 -12.0088 -11.66 0.289866 0.289768
-0.79798 0.144925 0.141039 -2.3125 -2.29411 -11.3736 -10.9781 0.293249 0.29307
-0.777778 0.0958884 0.0925085 -2.53896 -2.5075 -10.5282 -10.1167 0.29569 0.295437
-0.757576 0.042484 0.0398555 -2.74417 -2.70163 -9.4753 -9.07236 0.297094 0.29678
-0.737374 -0.0148151 -0.0164939 -2.92383 -2.87282 -8.22121 -7.84475 0.29738 0.297022
-0.717172 -0.0754506 -0.0760388 -3.07381 -3.01738 -6.77631 -6.43694 0.296473 0.296092
-0.69697 -0.138784 -0.138205 -3.19029 -3.13173 -5.15489 -4.85573 0.294313 0.293932
-0.676768 -0.204102 -0.202347 -3.26978 -3.21247 -3.37505 -3.11189 0.290852 0.290495
-0.656566 -0.270626 -0.267754 -3.30923 -3.25647 -1.4586 -1.22027 0.286059 0.285748
-0.636364 -0.337521 -0.333655 -3.30609 -3.26091 0.569261 0.8001 0.279916 0.279673
-0.616162 -0.403906 -0.399226 -3.2584 -3.22343 2.68022 2.92607 0.272425 0.272269
-0.59596 -0.468865 -0.4636 -3.16483 -3.14216 4.84329 5.13052 0.263606 0.263551
-0.575758 -0.531464 -0.525878 -3.02473 -3.01581 7.02528 7.38266 0.253497 0.253552
-0.555556 -0.590763 -0.585143 -2.83818 -2.84378 9.19134 9.6484 0.242155 0.242324
-0.535354 -0.645831 -0.640471 -2.60603 -2.62613 11.3056 11.8909 0.229656 0.229937
-0.515152 -0.695761 -0.690948 -2.32987 -2.36375 13.3316 14.0712 0.216095 0.216479
-0.494949 -0.739686 -0.735685 -2.01207 -2.05829 15.2335 16.1491 0.201585 0.202058
-0.474747 -0.776797 -0.773837 -1.65577 -1.71223 16.976 18.0835 0.186255 0.186799
-0.454545 -0.806352 -0.804615 -1.2648 -1.32888 18.5256 19.834 0.17025 0.170842
-0.434343 -0.827697 -0.827306 -0.843717 -0.912357 19.8512 21.3615 0.15373 0.154343
-0.414141 -0.840274 -0.841287 -0.397668 -0.467541 20.9246 22.6291 0.136867 0.137474
-0.393939 -0.843635 -0.846044 0.067631 -2.79311e-05 21.7211 23.6032 0.119842 0.120414
-0.373737 -0.837453 -0.841178 0.545995 0.483947 22.2205 24.2544 0.102845 0.103355
-0.353535 -0.821531 -0.826425 1.03086 0.977609 22.4068 24.5586 0.086071 0.0864938
-0.333333 -0.795804 -0.801662 1.51539 1.47375 22.2693 24.4975 0.0697179 0.0700316
-0.313131 -0.760352 -0.766913 1.99259 1.96486 21.8028 24.0594 0.0539829 0.0541707
-0.292929 -0.715393 -0.722359 2.45541 2.44328 21.0074 23.2398 0.0390606 0.0391112
-0.272727 -0.661287 -0.668332 2.89688 2.9013 19.8892 22.0417 0.0251398 0.0250483
-0.252525 -0.598536 -0.605323 3.31024 3.33137 18.4597 20.4759 0.0124002 0.0121684
-0.232323 -0.527773 -0.533968 3.68901 3.72625 16.7364 18.5606 0.00101047 0.000647015
-0.212121 -0.449759 -0.45505 4.02718 4.07911 14.7419 16.3217 -0.0088751 -0.00935508
-0.191919 -0.365369 -0.369481 4.31926 4.38375 12.5039 13.7922 -0.0171186 -0.017694
-0.171717 -0.275586 -0.278291 4.56042 4.63468 10.0546 11.0115 -0.0236011 -0.0242457
-0.151515 -0.181481 -0.182614 4.74654 4.82727 7.43038 8.02467 -0.0282243 -0.0289079
-0.131313 -0.0841998 -0.0836672 4.87434 4.95786 4.67106 4.88151 -0.0309123 -0.031602
-0.111111 0.0150532 0.0172682 4.94142 5.02381 1.81911 1.63555 -0.031613 -0.032275
-0.0909091 0.115035 0.118869 4.94629 5.02363 -1.08101 -1.65725 -0.0302992 -0.0308998
-0.0707071 0.214481 0.219795 4.88844 4.95692 -3.98372 -4.93969 -0.0269688 -0.0274767
-0.0505051 0.312128 0.318706 4.76832 4.8245 -6.84308 -8.15463 -0.0216454 -0.0220328
-0.030303 0.40673 0.414294 4.58737 4.62827 -9.61371 -11.2463 -0.0143781 -0.0146221
-0.010101 0.497082 0.505298 4.34797 4.37129 -12.2516 -14.1615 -0.00524051 -0.00532453
0.010101 0.582034 0.59053 4.05344 4.05761 -14.7149 -16.851 0.00566968 0.00575511
0.030303 0.660514 0.668894 3.70792 3.69226 -16.9647 -19.2702 0.0182324 0.018489
0.0505051 0.731539 0.739404 3.31639 3.2811 -18.9659 -21.3804 0.0323069 0.0327282
0.0707071 0.794238 0.801199 2.8845 2.83071 -20.6876 -23.1495 0.0477335 0.0483052
0.0909091 0.847855 0.853559 2.41853 2.34823 -22.1039 -24.5526 0.0643361 0.0650363
0.111111 0.891772 0.895912 1.92523 1.84127 -23.194 -25.5724 0.0819249 0.082725
0.131313 0.925507 0.927842 1.41177 1.31766 -23.943 -26.1991 0.100299 0.101165
0.151515 0.948727 0.949093 0.88555 0.785375 -24.342 -26.4311 0.119248 0.120142
0.171717 0.961251 0.959569 0.354113 0.252353 -24.3879 -26.2741 0.138559 0.139439
0.191919 0.96305 0.959336 -0.174994 -0.273671 -24.0838 -25.7411 0.158014 0.15884
0.212121 0.954247 0.948609 -0.694352 -0.785288 -23.4388 -24.8516 0.177399 0.17813
0.232323 0.93511 0.927751 -1.19679 -1.27555 -22.4675 -23.6313 0.1965 0.197099
0.252525 0.906051 0.897259 -1.6755 -1.73807 -21.19 -22.1111 0.215114 0.215549
0.272727 0.867616 0.857751 -2.12414 -2.16714 -19.6313 -20.3258 0.233045 0.233291
0.292929 0.820469 0.809957 -2.53698 -2.55778 -17.8207 -18.3138 0.250111 0.25015
0.313131 0.765387 0.754694 -2.90889 -2.90584 -15.7914 -16.1159 0.266142 0.265967
0.333333 0.703243 0.692858 -3.23554 -3.20796 -13.5796 -13.7741 0.280988 0.280599
0.353535 0.634988 0.625405 -3.51334 -3.46168 -11.2238 -11.3307 0.294515 0.293923
0.373737 0.561637 0.55333 -3.73957 -3.66537 -8.76426 -8.82761 0.306609 0.305836
0.393939 0.484254 0.477652 -3.91236 -3.81823 -6.24202 -6.30533 0.31718 0.316256
0.414141 0.403929 0.3994 -4.03072 -3.92026 -3.69819 -3.80219 0.326155 0.325118
0.434343 0.321764 0.319595 -4.09452 -3.97222 -1.1732 -1.35381 0.333488 0.332383
0.454545 0.238856 0.239234 -4.1045 -3.97554 1.29392 1.00754 0.339151 0.338027
0.474747 0.156278 0.159281 -4.06219 -3.93229 3.66621 3.25326 0.343141 0.342051
0.494949 0.0750642 0.0806502 -3.96989 -3.84504 5.90942 5.35875 0.345474 0.344472
0.515152 -0.00380483 0.00420121 -3.8306 -3.71686 7.99252 7.30358 0.346189 0.345325
0.535354 -0.0794155 -0.0692731 -3.64796 -3.55114 9.88822 9.07152 0.345343 0.344662
0.555556 -0.150933 -0.139051 -3.42613 -3.3516 11.5733 10.6505 0.343008 0.342551
0.575758 -0.217612 -0.20449 -3.16976 -3.12215 13.0289 12.0325 0.339277 0.339073
0.59596 -0.278805 -0.265024 -2.88384 -2.8668 14.2408 13.2133 0.334253 0.334321
0.616162 -0.333968 -0.320173 -2.57363 -2.58964 15.1995 14.1921 0.328053 0.328401
0.636364 -0.382664 -0.369537 -2.24456 -2.29473 15.8999 14.9713 0.320803 0.321424
0.656566 -0.424567 -0.412797 -1.90213 -1.98605 16.3418 15.5562 0.312637 0.313511
0.676768 -0.459464 -0.449714 -1.55179 -1.66745 16.5292 15.9544 0.303696 0.304788
0.69697 -0.487249 -0.480127 -1.19891 -1.34262 16.4704 16.1754 0.294121 0.295385
0.717172 -0.507922 -0.503943 -0.848621 -1.01502 16.1775 16.2304 0.284057 0.285434
0.737374 -0.521587 -0.521141 -0.505796 -0.687881 15.6659 16.1317 0.273646 0.275068
0.757576 -0.528439 -0.531759 -0.174947 -0.36418 14.9543 15.8924 0.263029 0.264422
0.777778 -0.528764 -0.535896 0.139824 -0.0466173 14.0636 15.5263 0.252339 0.253626
0.79798 -0.522923 -0.533701 0.434873 0.262383 13.0169 15.047 0.241706 0.242812
0.818182 -0.511347 -0.525367 0.707054 0.560675 11.8389 14.4684 0.231249 0.232104
0.838384 -0.494527 -0.511132 0.95375 0.846387 10.5551 13.8038 0.221081 0.221625
0.858586 -0.472998 -0.491265 1.17288 1.11791 9.19157 13.0661 0.2113 0.21149
0.878788 -0.447333 -0.466068 1.36293 1.3739 7.77427 12.2676 0.201998 0.201812
0.89899 -0.418132 -0.435866 1.52291 1.61324 6.3287 11.4199 0.19325 0.192693
0.919192 -0.386007 -0.401005 1.65236 1.83505 4.87941 10.5335 0.185123 0.184232
0.939394 -0.351575 -0.361845 1.75135 2.03865 3.44957 9.61854 0.177669 0.17652
0.959596 -0.315447 -0.318761 1.8204 2.22355 2.06068 8.68385 0.170929 0.169639
0.979798 -0.278219 -0.272133 1.86049 2.38943 0.732221 7.73764 0.164931 0.163664
1 -0.240462 -0.222347 1.87298 2.53615 -0.518539 6.78724 0.159692 0.158665
